89,52,29,54,92,77,13,17,58,83,73,15,22,69,71,75,11,57,62,28,68
71,15,39,83,59,17,37,34,62,11,28,75,16,69,85,58,43,68,33
98,13,12,17,58,83,73,15,22,33,75,11,57,62,28,68,37,16,85,59,31
48,73,33,31,16,75,81,71,15,24,34
31,81,71,68,34,24,74,19,33,57,16,48,69
62,28,68,43,37,16,85,59,31,39,81,24,19,48,74,56,32,86,42,18,38,47,87
39,81,34,24,19,48,74,32,86,18,47,87,53,94,89,52,29,54,92
94,89,52,29,13,17,73,69,57,62,28
31,39,34,74,56,26,89,52,54
33,57,68,43,37,16,59,31,19,48,32
22,11,73,16,59,37,68,24,62,75,28,81,39,33,43,34,57,31,19,48,69,85,15
39,68,11,34,74,85,56,62,69,57,32,75,59,81,16,28,37,19,86,24,31
28,68,37,16,85,59,31,81,34,24,19,48,32,38,47,87,26
86,42,18,38,47,87,26,53,82,94,89,52,29,54,92,77,98,13,12,17,58,83,73
54,92,98,13,12,17,73,22,71,57,68
85,39,81,34,24,19,48,74,56,32,86,42,38,47,87,26,53,82,94,89,52
54,53,42,83,17,92,73,89,12,22,18
38,47,87,26,82,89,52,29,92,77,98,12,17,58,83,15,22,33,69
11,43,34,28,86,75,39,48,19,57,37,56,42,24,32,18,85
17,62,58,11,33,43,75,13,92,71,15,57,73,37,98,68,22,69,83,16,77
37,81,15,11,73,28,24,19,48
82,94,89,29,92,77,98,13,12,17,83,73,33,75,62
89,53,33,98,15,77,12,54,94,11,73,92,83,17,71,58,57,75,69,29,22,52,82
98,13,58,15,22,33,69,71,75,11,57,28,68,43,37,16,31
33,37,81,71,31,57,12,85,68
39,24,87,85,18,34,31,94,48,59,53,26,82,19,81,42,86,89,32,47,56,16,74
28,57,37,83,19,16,75,81,31,43,34,85,68,24,33,22,73,62,71,69,15,39,59
77,98,13,12,17,58,83,15,22,33,71,75,11,57,62,28,68,43,37,16,59
52,92,56,29,54,86,53,74,12,19,48,87,94,38,42,26,77
16,43,85,32,26,38,19,34,37,74,56
94,47,87,33,13,18,29
54,92,77,13,12,83,15,22,33,69,71,75,57,62,43,37,16
19,48,74,56,32,86,18,38,47,87,26,53,82,94,89,52,29,54,92,77,98,13,12
34,53,24,42,85,39,48,59,68,47,37
58,54,38,87,56,12,98,86,94
52,29,54,92,77,98,13,12,17,58,83,73,71,57,62,68,43
47,18,98,74,89,32,56,58,94,38,82,54,86,42,77,13,52,26,29,92,53,12,87
22,33,69,71,75,11,28,16,85,59,31,39,81,34,24,19,74
68,85,59,31,39,81,34,24,19,48,74,56,32,86,42,18,38,47,87,26,53
82,42,52,85,39,56,38,32,47,26,87,24,34,59,81,48,18,89,53,94,31
42,18,38,47,87,26,53,82,89,52,29,54,92,77,98,13,12,58,83,73,22
13,17,58,83,73,15,22,69,75,57,28,68,43,37,16,85,59,31,39
69,71,75,11,57,62,28,68,43,37,85,59,31,39,81,34,24,48,74,32,86
53,29,54,92,98,13,12,17,58,83,73,15,33,69,71,75,11
98,82,38,12,87,69,53
15,53,92,13,69,26,52
29,54,92,98,17,73,15,22,71,75,11,43,37
73,15,22,33,69,71,75,11,28,68,43,59,31,39,81,34,24,19,48
43,37,16,85,31,81,34,24,56,32,42,18,26,53,82
16,58,83,43,37,54,69,73,92
58,28,52,98,68,29,69,12,33,57,73,75,62,54,15,43,13,77,83,22,92,71,17
16,75,28,42,86,24,57,37,71,85,31,39,68,11,59
92,77,98,13,12,17,58,73,22,69,11,28,68,37,85
57,62,16,85,59,34,48,18,47
56,85,42,32,48,43,62,57,11,74,18,81,24,39,31,86,16,19,38
89,77,52,47,53
82,29,77,98,12,17,83,15,22,75,62
92,89,52,22,53,75,57
54,98,13,12,17,83,15,22,33,11,62,28,43,37,16
56,32,86,42,18,47,87,26,82,94,89,52,29,54,92,77,98,13,17,58,83
53,82,54,89,38,29,47,39,81,42,32
62,33,77,13,17,82,52,57,15,98,12
28,37,16,59,31,39,81,19,18,38,26
54,56,86,32,52,19,39,34,26,87,29
28,85,31,19,86,47,26
73,58,16,83,62,57,22,28,59,34,68,69,17,43,33,71,75,85,81,39,11
32,86,38,26,53,82,94,89,52,29,54,12,17,83,73
12,58,83,73,15,22,33,69,71,75,11,57,62,28,68,43,37,16,85,59,31,39,81
43,16,85,59,31,39,34,24,19,48,74,56,32,86,42,18,38,47,87,53,82
42,38,47,87,53,82,94,89,52,92,77,98,12,17,58,83,73,15,22
83,73,15,22,69,71,75,11,57,62,68,43,37,16,85,59,31,81,34,24,19
13,82,52,92,77,94,58,11,12,98,22,53,89,73,69,54,83,17,15,29,33
58,83,15,22,33,71,75,11,62,28,68,43,37,16,85,59,31,39,81,34,24
33,57,28,12,75,89,11,17,22,94,92,13,73,15,69,77,98,62,71,52,83,54,58
62,52,94,15,57,28,54
28,68,39,34,19,74,32,18,38
37,16,31,81,19,56,18,87,53,82,94
87,26,53,82,94,89,52,29,77,98,12,58,83,22,75
89,29,92,98,33
37,24,56,32,86,42,47,53,94
33,75,11,43,16,59,39,81,24,48,74
87,53,82,94,89,29,54,92,98,12,17,58,83,73,15,22,69,71,75
62,28,68,43,37,85,59,31,39,81,34,24,19,48,74,56,32,86,42,18,38,47,87
17,33,29,94,53,75,87
54,68,77,73,15,71,57,29,83,17,98,75,69,92,43,22,52,28,62
92,26,38,18,54,13,87,12,29,17,77,42,53,52,73,15,22,82,94,58,89,83,98
43,16,85,59,39,34,56,32,38,87,26
34,24,19,74,56,86,42,47,53,82,89,29,77
87,26,53,82,94,89,29,77,13,17,58,83,73,22,75
69,75,57,24,19,74,86
33,58,13,98,29,73,18,52,94,82,22,17,53,54,92,47,87,38,26,12,15,89,77
15,22,33,75,11,57,68,43,37,16,85,59,81,34,24,19,74
19,74,56,81,86,18,48,16,59,38,53,26,94,42,85,87,37,34,39
74,86,42,87,53,82,94,89,54
58,87,12,29,32,13,73,53,47,77,38,18,83
71,16,24,59,81,19,31,34,48,56,11,85,42,28,39,57,32,37,74,86,68
43,34,16,59,68,28,74,38,81,62,19,18,86,32,87,31,85
13,12,15,22,33,71,57,62,28,68,43,37,16,85,39
52,13,26,22,71,47,58,15,33,54,53,98,89,12,73,83,87,29,17,69,77,94,92
73,47,98,53,54,13,38,18,52,26,12,83,32
47,33,53,17,94,83,82,87,26,73,12,54,98,52,22,18,15,92,13,29,38
31,39,19,48,74,32,86,42,18,38,47,87,82,89,52,29,54
15,22,69,57,37,31,74
59,31,39,74,86,26,53,82,29
28,43,16,85,31,34,48,32,86,87,26
71,37,11,12,69,62,22,75,73,16,83,85,58,98,59,33,15,57,13,68,43,28,77
22,33,71,28,37,85,59,39,81,34,19,48,56
86,42,18,47,87,26,53,82,94,89,52,29,54,92,77,98,13,12,17,58,83,73,15
15,22,69,71,92,62,73,13,54,17,75,29,28,94,33,83,52,77,89,98,58,12,57
43,68,28,98,16,62,11,83,92,12,22,73,75,69,15,71,17,58,54,77,57,33,37
18,52,92,54,13
62,16,81,86,42,38,87
98,94,87,38,89,13,42,73,58,32,12,47,53,83,52,82,92,86,26,29,18
68,37,59,39,42,38,87,26,53
33,17,22,47,94,12,29,52,15,18,82,58,13,26,54,83,38
83,68,77,62,16,12,59,28,75,15,85,98,73,33,22,37,57,11,13
24,75,39,81,85,71,48,59,15,34,62,11,57,31,28,16,69,33,19,37,73
17,83,73,69,71,11,62,85,59,81,34
82,94,29,92,77,13,12,17,58,83,73,15,22,33,69,71,11,57,62
22,28,43,12,13,83,33,92,98,52,17,69,57,73,71,58,68,11,62
57,28,85,59,34,24,74,86,42,18,38
31,11,43,59,28,24,18,32,34,16,48,86,56,39,57,75,81
89,54,13,17,73,22,71,28,68
37,85,43,39,58,17,13,59,11,68,75
17,12,22,98,33,94,11,28,52
19,48,74,56,32,86,42,18,38,47,87,26,53,82,94,89,52,29,54,92,77,98,13
53,82,92,77,13,12,17,58,83,33,57
29,54,92,77,98,13,12,17,58,83,73,15,22,33,69,75,11,28,68,43,37
19,48,74,32,47,87,26,94,54,92,12
89,29,53,15,22,73,52,83,71,58,12
42,18,47,87,26,53,89,29,92,77,98,12,17,58,83,15,22
58,83,69,75,62,31,81
87,16,28,85,37,81,74,39,34,68,31
29,54,94,13,22,98,73,52,69
48,39,19,82,43,34,56,31,42,87,18,16,24,86,47,38,26,37,53,32,81
52,54,92,77,13,12,58,69,11,62,68
75,57,34,39,71,68,19,56,33,24,16,74,28,85,48,59,32,37,43,11,62,31,69
52,77,89,38,13,54,29,92,74,86,47,42,87,12,19
86,53,19,56,54,87,38,29,48,24,74,81,52,77,18
94,12,98,13,87,74,82,77,18
47,52,54,92,77,13,12,17,58,83,33,69,71
48,32,86,42,18,87,53,89,52,29,92,77,98,12,17
29,77,98,12,17,33,69,11,28,68,37
37,75,11,22,56,16,57
87,19,53,82,52,94,39,18,59,31,85
42,18,38,87,26,82,94,89,52,29,92,77,98,13,58,83,73,15,22
24,48,56,42,18,47,54,98,13
38,53,13,12,58,73,15,33,69
58,73,69,28,16,85,31,39,24
16,31,81,19,48,42,18,94,89
12,52,11,92,73,53,33,75,69,13,89,77,57
16,85,59,31,39,34,24,19,48,74,56,32,86,42,18,38,47,87,26,53,82,94,89
77,98,13,12,17,58,33,69,71,75,11,57,28,68,43,16,59
75,12,52,13,83,17,58,26,54,11,53,94,71,29,77,82,69,22,73,98,89
75,57,62,28,68,43,85,39,34,24,19,48,56,86,18
48,32,87,82,12,74,18,54,89,86,56,42,17,29,38,13,94,26,77,52,47,92,53
34,19,33,31,24,75,37,69,81,48,22,43,85,57,16,28,56,62,11
13,12,17,83,22,33,11,62,28,68,43,31,39
15,33,43,37,62,48,39,69,59,24,31,57,73,68,34,16,81,11,85,19,28,22,75
85,33,48,31,32,34,43,62,56,75,69,68,28
32,28,69,43,85,33,81,16,68,59,48,57,75
18,38,87,26,94,89,29,92,77,98,13,17,58,83,73,22,33
58,73,11,57,62,37,16,59,31,39,24
57,33,37,98,71,62,11,13,28,16,92,54,68,69,17,15,73,77,12
82,32,83,18,92,98,53,26,17,86,38,47,94,58,42,56,12,89,54,29,77,87,13
83,69,85,62,75,37,34,71,31,39,15,11,73,59,22,33,58
57,62,28,68,43,16,59,31,34,24,19,48,74,56,42,18,47
56,43,82,86,53,85,48,39,38,19,16,37,24,26,31,59,47,18,74
77,98,12,58,83,73,22,33,69,71,75,11,57,62,28,68,43,37,16,85,59
74,24,11,32,37,81,86,48,16,62,28,85,19,69,31
89,56,81,32,47,94,86,77,18,26,82
85,33,28,24,15,39,68,48,75,34,19,16,59,57,31,11,81,74,37,62,69
83,73,69,75,62,28,43,37,16
83,26,53,11,71,13,17
56,48,18,89,94,38,39,32,47,24,87,59,74,19,34,31,85,53,82
37,16,31,81,34,19,74,56,42,18,47,82,94
71,89,11,92,13,73,83,77,26,53,69,33,15,29,98,12,17,54,22,52,82,58,75
12,17,58,83,73,15,22,33,69,71,57,62,28,68,43,37,16,85,31,39,81
47,42,32,54,77,18,19,92,26,89,52
28,37,16,85,59,24,32,86,42,18,26
33,75,11,57,68,43,16,31,34,19,48,56,32
68,43,59,39,81,24,19
74,82,24,47,42,13,26,77,89,54,56
89,38,19,34,98,92,87,32,56,74,94,48,26,53,18,54,47,86,42,29,24,77,82
57,56,81,75,11,32,24,39,31,42,68,37,19,43,28,16,48,85,34,86,59,71,62
47,87,53,94,77,17,58
13,85,71,43,68,12,22,37,77,58,92,28,16,69,75
39,48,86,42,18
77,98,13,12,83,73,22,69,71,75,11,57,62,28,68,43,37,16,59
54,82,18,29,94,32,34
59,38,48,37,81,42,16,34,56,24,31,53,74,87,32,19,85,94,82,26,39,86,18